116.402858,39.931411,8,354,96
116.402815,39.931484,0,0,78
116.402815,39.931484,0,0,59
116.402653,39.931584,5,358,56
116.402651,39.931607,0,358,51
116.402636,39.931678,11,358,50
116.402606,39.931856,19,343,51
116.402578,39.931897,19,333,51
116.402487,39.931977,21,314,51
116.402352,39.932026,23,291,50
116.402174,39.932038,29,271,50
116.398512,39.932109,38,268,48
116.394751,39.932100,50,269,47
116.390832,39.932062,0,268,45
116.390832,39.932062,0,268,41
116.390674,39.932033,0,0,40
116.390443,39.932044,0,0,41
116.390364,39.932053,14,268,45
116.390145,39.932025,16,253,45
116.390076,39.931987,12,233,46
116.390055,39.931956,13,209,46
116.390040,39.931911,18,196,46
116.390159,39.929858,28,178,42
116.390193,39.929134,13,176,40
116.390158,39.927096,20,200,41
116.390104,39.927055,21,218,42
116.390043,39.927025,22,229,44
116.389978,39.927012,23,243,45
116.389903,39.927004,22,258,46
116.389730,39.927005,29,270,46
116.387592,39.926966,21,253,49
116.387486,39.926922,18,241,51
116.387403,39.926855,18,218,51
116.387366,39.926794,13,205,51
116.387362,39.926746,19,186,51
116.387379,39.926670,16,174,52
116.387380,39.926110,11,188,51
116.387368,39.926019,0,182,54
116.387368,39.926019,0,182,62
116.387320,39.925806,15,172,62
116.387490,39.923233,41,177,48
116.387580,39.922046,0,183,50
116.387580,39.922046,0,183,50
116.387533,39.921892,12,169,49
116.387639,39.921795,14,120,48
116.387703,39.921784,20,104,48
116.387888,39.921778,30,90,47
116.392386,39.921930,40,91,42
116.394806,39.922013,34,86,38
116.395568,39.922007,8,101,40
116.395636,39.922000,12,97,41
116.395949,39.922021,14,88,44
116.396431,39.922038,31,78,45
116.396633,39.922108,33,60,46
116.396823,39.922223,38,49,46
116.397503,39.922721,29,60,42
116.397685,39.922777,30,72,40
116.397892,39.922802,33,84,38
116.398821,39.922779,36,98,37
116.399913,39.922724,19,111,34
116.399957,39.922693,19,132,34
116.399991,39.922655,19,143,34
116.400003,39.922610,21,166,35
116.400141,39.919618,32,178,44
116.399986,39.918545,10,265,53
116.399917,39.918546,13,268,57
116.399098,39.918467,12,267,54
116.398591,39.918469,11,273,52
116.398199,39.918473,0,0,51
116.398042,39.918438,0,0,44
116.398042,39.918438,0,0,52
116.398042,39.918438,0,0,53
116.398042,39.918438,0,0,48
116.398042,39.918438,0,0,46
116.398042,39.918438,0,0,49
116.398042,39.918438,0,0,47
116.398042,39.918438,0,0,49
116.398042,39.918438,0,0,51
116.397963,39.918493,0,0,45
116.397963,39.918493,0,0,42
116.397963,39.918493,0,0,43
116.397963,39.918493,0,0,43
116.397963,39.918493,0,0,52
116.397963,39.918493,0,0,53
116.397963,39.918493,0,0,53
116.397963,39.918493,0,0,49
116.397970,39.918432,2,223,44
116.397430,39.918436,11,272,47
116.396582,39.918305,12,180,54
116.396649,39.917265,14,175,64
116.396689,39.915877,7,170,65
116.396702,39.915822,11,8,53
116.396602,39.918040,37,359,42
116.396382,39.921234,35,357,32
116.396349,39.921506,0,346,38
116.396399,39.921637,12,5,41
116.396438,39.921902,14,18,42
116.396494,39.921972,17,36,42
116.397572,39.922757,31,62,39
116.397760,39.922809,30,76,39
116.398535,39.922849,2,0,41
116.398673,39.922816,11,95,41
116.398852,39.922853,11,77,42
116.401780,39.922906,22,89,43
116.403987,39.922913,0,0,43
116.404013,39.922915,0,89,49
116.404085,39.922912,12,95,49
116.407388,39.922842,32,89,46
116.407852,39.922844,12,88,46
116.408063,39.922876,11,72,48
116.409097,39.922878,4,87,48
116.409451,39.922875,2,0,47
116.409474,39.922872,0,0,49
116.409552,39.922874,0,0,51
116.409552,39.922874,0,0,51
116.409552,39.922874,0,0,51
116.409552,39.922874,0,0,53
116.409888,39.922859,0,0,52
116.409910,39.922871,2,89,53
116.409988,39.922874,0,0,50
116.409988,39.922874,0,0,52
116.409991,39.922886,0,0,51
116.409991,39.922886,0,0,50
116.409991,39.922886,0,0,48
116.410125,39.922872,15,89,47
116.411083,39.922888,13,86,43
116.413230,39.922892,27,90,35
116.414015,39.922908,0,0,47
116.414322,39.922996,9,77,69
116.414243,39.923139,11,298,75
116.414151,39.923149,12,282,77
116.413278,39.923157,0,0,75
116.413278,39.923157,0,0,59
116.413278,39.923157,0,0,51
116.413278,39.923157,0,0,55
116.413278,39.923157,0,0,53
116.413278,39.923157,0,0,53
116.413278,39.923157,0,0,46
116.413278,39.923157,0,0,46
116.413278,39.923157,0,0,118
116.413278,39.923157,0,0,116
116.413427,39.923106,0,0,72
116.413372,39.923093,12,257,59
116.412236,39.923063,0,0,61
116.412235,39.923059,0,0,63
116.412235,39.923059,0,0,90
116.412110,39.922924,16,264,104
116.407394,39.922909,49,270,76
116.405083,39.922945,3,258,58
116.405005,39.922948,11,268,57
116.401997,39.922939,37,269,46
116.398904,39.922900,38,270,45
116.397612,39.922827,26,250,43
116.397472,39.922758,24,237,44
116.397089,39.922467,13,224,39
116.396433,39.922094,20,228,37
116.396382,39.921994,21,201,37
116.396381,39.921938,22,183,37
116.396397,39.921800,28,172,37
116.396464,39.921145,11,350,33
116.396519,39.921879,15,20,33
116.396596,39.921965,26,35,33
116.397596,39.922708,37,60,33
116.397851,39.922775,42,79,33
116.399960,39.922814,22,102,33
116.400057,39.922752,18,132,32
116.400089,39.922708,19,147,33
116.400119,39.922585,27,170,34
116.400227,39.919739,31,179,37
116.400142,39.918452,11,266,46
116.399627,39.918478,2,0,51
116.399621,39.918479,0,0,55
116.399621,39.918479,0,0,52
116.399621,39.918479,0,0,50
116.399621,39.918479,0,0,52
116.399621,39.918479,0,0,52
116.399480,39.918467,2,264,57
116.399434,39.918456,0,0,48
116.399434,39.918456,0,0,40
116.399434,39.918456,0,0,42
116.399434,39.918456,0,0,47
116.399434,39.918456,0,0,49
116.399434,39.918456,0,0,44
116.399434,39.918456,0,0,42
116.399434,39.918456,0,0,41
116.399434,39.918456,0,0,39
116.399434,39.918456,0,0,43
116.399434,39.918456,0,0,44
116.399434,39.918456,0,0,41
116.399434,39.918456,0,0,29
116.399434,39.918456,0,0,34
116.399434,39.918456,0,0,39
116.399434,39.918456,0,0,36
116.399434,39.918456,0,0,31
116.399434,39.918456,0,0,29
116.399434,39.918456,0,0,28
116.399434,39.918456,0,0,32
116.399434,39.918456,0,0,36
116.399434,39.918456,0,0,38
116.399434,39.918456,0,0,39
116.399434,39.918456,0,0,42
116.399434,39.918456,0,0,42
116.399434,39.918456,0,0,42
116.399434,39.918456,0,0,40
116.399434,39.918456,0,0,38
116.399434,39.918456,0,0,35
116.399434,39.918456,0,0,35
116.399434,39.918456,0,0,37
116.399434,39.918456,0,0,42
116.399434,39.918456,0,0,42
116.399434,39.918456,0,0,42
116.399434,39.918456,0,0,37
116.399434,39.918456,0,0,36
116.399434,39.918456,0,0,35
116.399434,39.918456,0,0,34
116.399434,39.918456,0,0,34
116.399434,39.918456,0,0,34
116.399434,39.918456,0,0,40
116.399434,39.918456,0,0,42
116.399434,39.918456,0,0,43
116.399434,39.918456,0,0,42
116.399434,39.918456,0,0,43
116.399434,39.918456,0,0,45
116.399434,39.918456,0,0,48
116.399434,39.918456,0,0,47
116.399434,39.918456,0,0,50
116.399434,39.918456,0,0,48
116.399434,39.918456,0,0,47
116.399434,39.918456,0,0,40
116.399434,39.918456,0,0,43
116.399434,39.918456,0,0,48
116.399434,39.918456,0,0,45
116.399434,39.918456,0,0,50
116.399434,39.918456,0,0,50
116.399434,39.918456,0,0,50
116.399434,39.918456,0,0,50
116.399434,39.918456,0,0,42
116.399434,39.918456,0,0,43
116.399434,39.918456,0,0,43
116.399434,39.918456,0,0,44
116.399434,39.918456,0,0,42
116.399434,39.918456,0,0,37
116.399434,39.918456,0,0,40
116.399434,39.918456,0,0,43
116.399434,39.918456,0,0,47
116.399434,39.918456,0,0,51
116.399434,39.918456,0,0,55
116.399434,39.918456,0,0,58
116.399434,39.918456,0,0,50
116.399434,39.918456,0,0,47
116.399434,39.918456,0,0,47
116.399434,39.918456,0,0,47
116.399434,39.918456,0,0,45
116.399434,39.918456,0,0,45
116.399434,39.918456,0,0,40
116.399434,39.918456,0,0,39
116.399434,39.918456,0,0,47
116.399434,39.918456,0,0,51
116.399434,39.918456,0,0,46
116.399434,39.918456,0,0,48
116.399434,39.918456,0,0,45
116.399434,39.918456,0,0,43
116.399434,39.918456,0,0,47
116.399434,39.918456,0,0,51
116.399434,39.918456,0,0,51
116.399434,39.918456,0,0,55
116.399434,39.918456,0,0,58
116.399434,39.918456,0,0,57
116.399434,39.918456,0,0,53
116.399434,39.918456,0,0,54
116.399434,39.918456,0,0,53
116.399434,39.918456,0,0,50
116.399434,39.918456,0,0,51
116.399434,39.918456,0,0,48
116.399434,39.918456,0,0,50
116.399434,39.918456,0,0,50
116.399434,39.918456,0,0,49
116.399434,39.918456,0,0,55
116.399434,39.918456,0,0,56
116.399434,39.918456,0,0,52
116.399434,39.918456,0,0,47
116.399434,39.918456,0,0,45
116.399434,39.918456,0,0,44
116.399434,39.918456,0,0,46
116.399434,39.918456,0,0,46
116.399434,39.918456,0,0,45
116.399434,39.918456,0,0,41
116.399434,39.918456,0,0,56
116.399434,39.918456,0,0,66
116.399434,39.918456,0,0,61
116.399434,39.918456,0,0,54
116.399434,39.918456,0,0,52
116.399434,39.918456,0,0,44
116.399434,39.918456,0,0,47
116.399434,39.918456,0,0,45
116.399434,39.918456,0,0,49
116.399434,39.918456,0,0,47
116.399434,39.918456,0,0,46
116.399434,39.918456,0,0,48
116.399434,39.918456,0,0,48
116.399434,39.918456,0,0,48
116.399434,39.918456,0,0,47
116.399434,39.918456,0,0,45
116.399434,39.918456,0,0,45
116.399434,39.918456,0,0,45
116.399434,39.918456,0,0,46
116.399434,39.918456,0,0,44
116.399434,39.918456,0,0,43
116.399434,39.918456,0,0,47
116.399434,39.918456,0,0,48
116.399434,39.918456,0,0,49
116.399434,39.918456,0,0,46
116.399434,39.918456,0,0,43
116.399434,39.918456,0,0,48
116.399434,39.918456,0,0,46
116.399434,39.918456,0,0,43
116.399434,39.918456,0,0,44
116.399434,39.918456,0,0,54
116.399434,39.918456,0,0,55
116.399434,39.918456,0,0,57
116.399434,39.918456,0,0,56
116.399434,39.918456,0,0,58
116.399434,39.918456,0,0,53
116.399434,39.918456,0,0,54
116.399434,39.918456,0,0,48
116.399434,39.918456,0,0,52
116.399434,39.918456,0,0,47
116.399434,39.918456,0,0,49
116.399434,39.918456,0,0,46
116.399434,39.918456,0,0,48
116.399434,39.918456,0,0,48
116.399434,39.918456,0,0,45
116.399434,39.918456,0,0,44
116.399434,39.918456,0,0,42
116.399434,39.918456,0,0,43
116.399434,39.918456,0,0,44
116.399434,39.918456,0,0,45
116.399434,39.918456,0,0,46
116.399434,39.918456,0,0,47
116.399434,39.918456,0,0,44
116.399434,39.918456,0,0,43
116.399434,39.918456,0,0,43
116.399434,39.918456,0,0,46
116.399434,39.918456,0,0,49
116.399434,39.918456,0,0,53
116.399434,39.918456,0,0,51
116.399434,39.918456,0,0,52
116.399434,39.918456,0,0,51
116.399434,39.918456,0,0,50
116.399434,39.918456,0,0,47
116.399434,39.918456,0,0,45
116.399434,39.918456,0,0,54
116.399434,39.918456,0,0,56
116.399434,39.918456,0,0,54
116.399434,39.918456,0,0,58
116.399434,39.918456,0,0,59
116.399434,39.918456,0,0,65
116.399434,39.918456,0,0,61
116.399434,39.918456,0,0,63
116.399434,39.918456,0,0,60
116.399434,39.918456,0,0,59
116.399434,39.918456,0,0,58
116.399434,39.918456,0,0,66
116.399434,39.918456,0,0,63
116.399434,39.918456,0,0,58
116.399434,39.918456,0,0,56
116.399434,39.918456,0,0,55
116.399434,39.918456,0,0,54
116.399434,39.918456,0,0,50
116.399434,39.918456,0,0,44
116.399434,39.918456,0,0,57
116.399434,39.918456,0,0,61
116.399109,39.918479,4,258,61
116.399100,39.918476,0,0,53
116.399100,39.918476,0,0,51
116.399100,39.918476,0,0,49
116.399100,39.918476,0,0,49
116.399100,39.918476,0,0,47
116.399100,39.918476,0,0,46
116.399100,39.918476,0,0,48
116.399100,39.918476,0,0,47
116.399100,39.918476,0,0,48
116.399100,39.918476,0,0,48
116.399100,39.918476,0,0,49
116.399100,39.918476,0,0,48
116.399100,39.918476,0,0,49
116.399100,39.918476,0,0,48
116.399100,39.918476,0,0,49
116.399100,39.918476,0,0,51
116.399100,39.918476,0,0,51
116.399100,39.918476,0,0,52
116.399100,39.918476,0,0,52
116.399100,39.918476,0,0,51
116.399100,39.918476,0,0,49
116.399100,39.918476,0,0,50
116.399100,39.918476,0,0,51
116.399100,39.918476,0,0,51
116.399100,39.918476,0,0,51
116.399100,39.918476,0,0,51
116.399100,39.918476,0,0,50
116.399100,39.918476,0,0,48
116.399100,39.918476,0,0,46
116.399100,39.918476,0,0,53
116.399100,39.918476,0,0,52
116.399100,39.918476,0,0,49
116.399100,39.918476,0,0,49
116.399100,39.918476,0,0,49
116.399100,39.918476,0,0,48
116.399100,39.918476,0,0,42
116.399100,39.918476,0,0,41
116.399100,39.918476,0,0,40
116.399100,39.918476,0,0,41
116.399100,39.918476,0,0,41
116.399100,39.918476,0,0,65
116.399100,39.918476,0,0,65
116.399100,39.918476,0,0,54
116.399100,39.918476,0,0,53
116.399100,39.918476,0,0,42
116.399100,39.918476,0,0,38
116.399100,39.918476,0,0,45
116.399100,39.918476,0,0,42
116.399100,39.918476,0,0,41
116.399100,39.918476,0,0,36
116.399100,39.918476,0,0,43
116.399100,39.918476,0,0,38
116.399100,39.918476,0,0,35
116.399100,39.918476,0,0,31
116.399100,39.918476,0,0,39
116.399100,39.918476,0,0,39
116.399100,39.918476,0,0,43
116.399100,39.918476,0,0,45
116.399100,39.918476,0,0,45
116.399100,39.918476,0,0,49
116.399100,39.918476,0,0,46
116.399100,39.918476,0,0,39
116.399100,39.918476,0,0,41
116.399100,39.918476,0,0,41
116.399100,39.918476,0,0,41
116.399100,39.918476,0,0,46
116.399100,39.918476,0,0,46
116.399100,39.918476,0,0,47
116.399100,39.918476,0,0,44
116.399100,39.918476,0,0,40
116.399100,39.918476,0,0,38
116.398943,39.918476,12,276,42
116.398133,39.918588,9,72,47
116.398205,39.918633,0,332,51
116.398205,39.918633,0,332,55
116.398205,39.918633,0,332,57
116.398205,39.918633,0,332,57
116.398205,39.918633,0,332,54
116.398205,39.918633,0,332,54
116.398205,39.918633,0,332,51
116.398205,39.918633,0,332,51
116.398205,39.918633,0,332,66
116.398205,39.918633,0,332,60
116.398205,39.918633,0,332,55
116.398205,39.918633,0,332,46
116.398205,39.918633,0,332,48
116.398205,39.918633,0,332,50
116.398205,39.918633,0,332,50
116.398205,39.918633,0,332,48
116.398205,39.918633,0,332,49
116.398205,39.918633,0,332,49
116.398205,39.918633,0,332,46
116.398205,39.918633,0,332,46
116.398205,39.918633,0,332,44
116.398205,39.918633,0,332,44
116.398205,39.918633,0,332,44
116.398205,39.918633,0,332,45
116.398205,39.918633,0,332,47
116.398205,39.918633,0,332,44
116.398205,39.918633,0,332,60
116.398205,39.918633,0,332,62
116.398205,39.918633,0,332,58
116.398205,39.918633,0,332,59
116.398205,39.918633,0,332,55
116.398205,39.918633,0,332,50
116.398205,39.918633,0,332,46
116.398205,39.918633,0,332,51
116.398205,39.918633,0,332,56
116.398205,39.918633,0,332,54
116.398205,39.918633,0,332,50
116.398205,39.918633,0,332,53
116.398205,39.918633,0,332,53
116.398205,39.918633,0,332,54
116.398019,39.918574,2,0,51
116.397714,39.918602,14,275,51
116.397442,39.918503,0,0,61
116.397288,39.918379,11,258,54
116.396587,39.918464,14,358,51
116.396443,39.920589,31,358,51
116.396378,39.921639,0,0,49
116.396378,39.921643,0,0,48
116.396320,39.921944,19,342,48
116.396256,39.922028,19,323,48
116.396057,39.922111,16,277,47
116.393012,39.922029,38,267,45
116.389587,39.921886,23,266,45
116.388109,39.921855,0,0,45
116.387911,39.921848,10,266,41
116.387872,39.921847,12,267,41
116.385545,39.921719,17,255,42
116.384618,39.921098,18,222,48
116.384399,39.920968,22,241,48
116.384329,39.920952,22,252,48
116.384181,39.920938,24,263,46
116.381282,39.921123,30,266,46
116.377966,39.921167,25,286,45
116.375850,39.921273,30,268,43
116.373733,39.921232,15,263,44
116.371623,39.921217,12,270,39
116.371399,39.921226,0,270,42
116.371399,39.921226,0,270,48
116.371185,39.921296,5,315,49
116.371154,39.921395,12,357,49
116.371102,39.923143,24,357,51
116.371022,39.924936,11,357,55
116.371044,39.925906,0,0,72
116.371025,39.926881,30,357,76
116.370986,39.929260,30,358,90
116.370919,39.930239,0,0,88
116.370919,39.930239,0,0,81
116.370848,39.931208,18,343,80
116.370787,39.931290,17,326,78
116.370679,39.931370,21,309,75
116.370603,39.931400,22,295,72
116.370523,39.931415,23,282,70
116.370437,39.931422,26,270,69
116.370437,39.931422,26,270,69
116.368027,39.931354,0,0,58
116.367904,39.931352,11,268,54
116.365333,39.931237,41,266,55
116.362095,39.931118,23,262,55
116.359979,39.931069,0,270,58
116.359979,39.931069,0,270,60
116.359979,39.931069,0,270,64
116.359905,39.931070,13,269,64
116.357108,39.931056,33,270,65
116.354149,39.931112,18,273,58
116.353660,39.931129,15,270,54
116.351633,39.931113,25,275,54
116.350121,39.931189,4,273,61
116.349933,39.931316,12,332,61
116.349927,39.931356,14,344,61
116.349906,39.931522,31,356,61
116.349758,39.935221,30,352,71
116.349849,39.938272,42,16,71
116.349985,39.938472,43,30,71
116.350539,39.939091,39,24,72
116.350585,39.939276,35,9,72
116.350568,39.939374,35,355,71
116.350536,39.939464,34,345,70
116.350478,39.939553,36,333,70
116.350409,39.939624,35,322,70
116.350317,39.939688,37,311,69
116.350126,39.939771,33,296,68
116.350031,39.939786,30,286,68
116.349918,39.939781,32,271,67
116.349700,39.939758,34,259,67
116.349502,39.939699,31,245,66
116.346954,39.939021,54,262,60
116.340803,39.937901,59,245,48
116.337934,39.937278,0,264,0
116.335996,39.937129,57,265,43
116.330753,39.936930,46,266,50
116.325539,39.937098,53,275,50
116.319591,39.937558,65,272,46
116.313995,39.938029,54,276,52
116.309597,39.938994,42,295,50
116.306472,39.940333,29,316,50
116.305614,39.941159,31,296,52
116.304499,39.941557,16,315,53
116.304481,39.941604,18,339,53
116.304448,39.941721,23,349,54
116.304172,39.944327,28,354,56
116.303906,39.947048,33,356,54
116.303698,39.950340,59,356,63
116.303359,39.954182,46,356,65
116.302794,39.958042,53,353,66
116.301979,39.961977,66,351,68
116.301266,39.966494,48,354,64
116.300670,39.968853,44,324,69
116.296647,39.971522,48,314,53
116.295708,39.972611,11,335,64
116.295746,39.972785,12,345,59
116.295544,39.973607,13,7,61
116.295697,39.973603,0,0,52
116.295631,39.973592,0,0,49
116.295594,39.973592,3,84,51
116.295662,39.973576,0,0,55
116.295662,39.973576,0,0,59
116.295662,39.973576,0,0,56
116.295662,39.973576,0,0,56
116.295662,39.973576,0,0,54
116.295662,39.973576,0,0,54
116.295662,39.973576,0,0,56